$scope.evil.angelScale = 150; // Dunno
$scope.evil.baseCost = [12, 200, 770, 2268, 46662, 65, 770, 3708, 31900, 8666658];
$scope.evil.basePower = [1.09, 1.18, 1.36, 1.72, 2.44, 1.03, 1.09, 1.27, 1.81, 3.43];
$scope.evil.baseProfit = [2, 25, 77, 189, 3333, 13, 110, 412, 2900, 666666];
$scope.evil.baseSpeed = [1, 3, 5, 7, 9, 10, 19, 25, 42, 96];
$scope.evil.hasMegaTickets = false;
$scope.evil.investments = [
['Super King', 1, false, 0, 0, 0, 0],
['Honey Badger', 0, false, 0, 0, 0, 0],
['Black Knight', 0, false, 0, 0, 0, 0],
['Rope Slinger', 0, false, 0, 0, 0, 0],
['Samurai Pizza Turtles', 0, false, 0, 0, 0, 0],
['BadDay', 1, false, 0, 0, 0, 0],
['Mag-Neato', 0, false, 0, 0, 0, 0],
['The Prankster', 0, false, 0, 0, 0, 0],
['Jareth Green', 0, false, 0, 0, 0, 0],
['Hair Clan', 0, false, 0, 0, 0, 0]
];
$scope.evil.unlocks[0] = [[50, [0, 2]], [100, [10, 0.5]], [150, [0, 3]], [150, [10, 0.5]], [200, [0, 4]], [300, [10, 0.5]], [400, [0, 5]], [500, [10, 0.5]], [600, [0, 6]], [700, [10, 0.5]], [800, [0, 7]], [900, [10, 0.5]], [1000, [0, 8]], [1100, [10, 0.5]], [1200, [0, 9]], [1300, [10, 0.5]], [1500, [0, 10]]];
$scope.evil.unlocks[1] = [[50, [2, 5]], [75, [12, 0.9]], [100, [2, 5]], [125, [12, 0.9]], [150, [2, 5]], [200, [12, 0.9]], [250, [2, 5]], [300, [12, 0.9]], [350, [2, 5]], [375, [12, 0.9]], [400, [2, 5]], [450, [12, 0.9]], [500, [2, 5]], [550, [12, 0.9]], [600, [2, 5]], [700, [12, 0.9]], [800, [2, 5]]];
$scope.evil.unlocks[2] = [[10, [4, 10]], [20, [14, 0.5]], [40, [4, 9]], [60, [14, 0.5]], [80, [4, 8]], [100, [14, 0.5]], [120, [4, 7]], [140, [14, 0.5]], [160, [4, 6]], [180, [14, 0.5]], [200, [4, 5]], [230, [14, 0.5]], [260, [4, 4]], [290, [14, 0.5]], [320, [4, 3]], [350, [14, 0.5]], [400, [4, 2]]];
$scope.evil.unlocks[3] = [[6, [6, 25]], [12, [16, 0.5]], [24, [6, 25]], [36, [16, 0.5]], [48, [6, 25]], [60, [16, 0.5]], [72, [6, 25]], [84, [16, 0.5]], [96, [6, 25]], [108, [16, 0.5]], [120, [6, 25]], [140, [16, 0.5]], [160, [6, 25]], [180, [16, 0.5]], [200, [6, 25]], [225, [16, 0.5]], [250, [6, 25]]];
$scope.evil.unlocks[4] = [[10, [0, 9]], [20, [2, 9]], [40, [4, 9]], [55, [6, 9]], [70, [8, 15]], [85, [0, 15]], [100, [2, 15]], [125, [4, 15]], [150, [6, 15]]];
$scope.evil.unlocks[5] = [[111, [10, 3]], [222, [1, 0.8]], [444, [10, 4]], [666, [1, 0.8]], [888, [10, 5]], [1000, [1, 0.8]], [1200, [10, 6]], [1400, [1, 0.8]], [1600, [10, 7]], [1900, [1, 0.8]], [2200, [10, 8]], [2500, [1, 0.8]], [2750, [10, 9]], [3000, [1, 0.8]], [3250, [10, 10]], [3500, [1, 0.8]], [4444, [10, 11]]];
$scope.evil.unlocks[6] = [[33, [12, 2]], [77, [3, 0.8]], [111, [12, 2]], [222, [3, 0.8]], [333, [12, 2]], [444, [3, 0.8]], [555, [12, 2]], [666, [3, 0.8]], [777, [12, 2]], [888, [3, 0.8]], [999, [12, 2]], [1111, [3, 0.8]], [1234, [12, 2]], [1333, [3, 0.8]], [1444, [12, 2]], [1499, [3, 0.8]], [1500, [12, 2]]];
$scope.evil.unlocks[7] = [[5, [14, 2]], [25, [5, 0.5]], [50, [14, 3]], [75, [5, 0.5]], [100, [14, 4]], [125, [5, 0.5]], [150, [14, 5]], [175, [5, 0.5]], [200, [14, 6]], [225, [5, 0.5]], [250, [14, 7]], [275, [5, 0.5]], [300, [14, 8]], [325, [5, 0.5]], [333, [14, 9]], [444, [5, 0.5]], [555, [14, 10]]];
$scope.evil.unlocks[8] = [[5, [16, 25]], [10, [7, 0.5]], [20, [16, 25]], [30, [7, 0.5]], [40, [16, 25]], [50, [7, 0.5]], [60, [16, 25]], [70, [7, 0.5]], [80, [16, 25]], [90, [7, 0.5]], [100, [16, 25]], [120, [7, 0.5]], [140, [16, 25]], [160, [7, 0.5]], [180, [16, 25]], [200, [7, 0.5]], [222, [16, 25]]];
$scope.evil.unlocks[9] = [[5, [21, 0.8]], [10, [21, 0.8]], [20, [21, 0.8]], [30, [21, 0.8]], [40, [21, 0.8]], [50, [21, 0.8]], [60, [21, 0.8]], [70, [21, 0.8]], [90, [21, 0.8]]];
$scope.evil.unlocks[10] = [[1, [20, 10]], [5, [20, 10]], [10, [20, 10]], [15, [21, 2]], [20, [21, 2]], [25, [21, 10]], [35, [21, 5]], [40, [20, 10]], [50, [20, 10]], [65, [21, 5]], [70, [20, 10]], [75, [21, 10]], [100, [20, 10]]];
$scope.evil.cashUpgrades = [[1000, [0, 5], false], [10000, [2, 5], false], [100000, [4, 5], false], [1000000, [6, 5], false], [10000000, [8, 5], false], [100000000, [10, 5], false], [10e+8, [12, 5], false], [10e+9, [14, 5], false], [10e+10, [16, 5], false], [10e+11, [18, 5], false], [10e+12, [20, 5], false], [10e+13, [0, 6], false], [10e+14, [2, 6], false], [10e+15, [4, 6], false], [10e+16, [6, 6], false], [10e+17, [8, 6], false], [10e+18, [10, 6], false], [10e+19, [12, 6], false], [10e+20, [14, 6], false], [10e+21, [16, 6], false], [10e+22, [18, 6], false], [1e+24, [20, 6], false], [10e+24, [0, 7], false], [100e+24, [2, 7], false], [1e+27, [4, 7], false], [10e+27, [6, 7], false], [100e+27, [8, 7], false], [1e+30, [10, 7], false], [10e+30, [12, 7], false], [100e+30, [14, 7], false], [1e+33, [16, 7], false], [10e+33, [18, 7], false], [100e+33, [20, 7], false], [1e+36, [0, 8], false], [10e+36, [2, 8], false], [100e+36, [4, 8], false], [1e+39, [6, 8], false], [10e+39, [8, 8], false], [100e+39, [10, 8], false], [1e+42, [12, 8], false], [10e+42, [14, 8], false], [100e+42, [16, 8], false], [1e+45, [18, 8], false], [10e+45, [20, 8], false], [100e+45, [0, 9], false], [1e+48, [2, 9], false], [10e+48, [4, 9], false], [100e+48, [6, 9], false], [1e+51, [8, 9], false], [10e+51, [10, 9], false], [100e+51, [12, 9], false], [1e+54, [14, 9], false], [10e+54, [16, 9], false], [100e+54, [18, 9], false], [1e+57, [20, 9], false]];
$scope.evil.angelUpgrades = [[10, [22, 1], false, false], [10000, [22, 1], false, false], [1000000, [22, 1], false, false], [10000000, [22, 1], false, false], [100000000, [22, 1], false, false], [10e+9, [22, 1], false, false], [10e+11, [22, 1], false, false], [10e+13, [22, 2], false, false], [10e+15, [22, 2], false, false], [10e+17, [22, 2], false, false], [10e+19, [22, 2], false, false], [10e+21, [22, 2], false, false]];
$scope.evil.managerUpgrades = [];