$scope.excellent.angelScale = 90;
$scope.excellent.baseCost =   [2.75, 5.75, 8.75, 11.75, 17.75, 45, 86.25, 137.5, 256.25];
$scope.excellent.basePower =  [1.75, 2,    2.25, 2.5,   2.75,  3,  3.5,   4,     4.5];
$scope.excellent.baseProfit = [0.5,  1.5,  2.5,  3.5,   10.5,  30, 72.5,  135,   262.5];
$scope.excellent.baseSpeed =  [5,    8,    11,   14,    17,    20, 35,    45,    60];
$scope.excellent.hasMegaTickets = false;
$scope.excellent.investments = [
  ['Dino Shock Collars', 1, false, 0, 0, 0, 0],
  ['Pyramid Cranes', 1, false, 0, 0, 0, 0],
  ['7 Blade Viking Razors', 1, false, 0, 0, 0, 0],
  ['Horse GPS', 1, false, 0, 0, 0, 0],
  ['Medieval Soap on a Rope', 1, false, 0, 0, 0, 0],
  ['Camel AC Units', 1, false, 0, 0, 0, 0],
  ['Sabretooth Litterboxes', 1, false, 0, 0, 0, 0],
  ['Bubonic Mouse Traps', 1, false, 0, 0, 0, 0],
  ['Pirate Ship Outboard', 1, false, 0, 0, 0, 0]
];
$scope.excellent.unlocks[0] = [[5, [0, 2]],   [10, [0, 4]],   [20, [0, 6]],   [25, [1, 2]],  [40, [0, 8]],   [60, [0, 10]],  [70, [1, 2]],  [80, [0, 11]],  [100, [0, 2]],  [125, [0, 2]],  [150, [0, 2]], [175, [0, 2]], [200, [0, 2]], [250, [0, 2]], [300, [0, 2]]];
$scope.excellent.unlocks[1] = [[5, [2, 3]],   [10, [2, 5]],   [20, [2, 7]],   [25, [3, 2]],  [40, [2, 9]],   [60, [2, 11]],  [70, [3, 2]],  [80, [2, 12]],  [100, [2, 3]],  [125, [2, 3]],  [150, [2, 3]], [175, [2, 3]], [200, [2, 3]], [245, [2, 3]]];
$scope.excellent.unlocks[2] = [[5, [4, 4]],   [10, [4, 6]],   [20, [4, 8]],   [25, [5, 2]],  [40, [4, 10]],  [60, [4, 12]],  [70, [5, 2]],  [80, [4, 13]],  [100, [4, 4]],  [125, [4, 4]],  [150, [4, 4]], [175, [4, 4]], [200, [4, 4]]];
$scope.excellent.unlocks[3] = [[5, [6, 5]],   [10, [6, 7]],   [20, [6, 9]],   [25, [7, 2]],  [40, [6, 11]],  [60, [6, 13]],  [70, [7, 2]],  [80, [6, 14]],  [100, [6, 5]],  [125, [6, 5]],  [150, [6, 5]], [175, [6, 5]]];
$scope.excellent.unlocks[4] = [[5, [8, 6]],   [10, [8, 8]],   [20, [8, 10]],  [25, [9, 2]],  [40, [8, 12]],  [60, [8, 14]],  [70, [9, 2]],  [80, [8, 15]],  [100, [8, 6]],  [125, [8, 6]],  [150, [8, 6]], [160, [8, 6]]];
$scope.excellent.unlocks[5] = [[5, [10, 7]],  [10, [10, 9]],  [20, [10, 11]], [25, [11, 2]], [40, [10, 13]], [60, [10, 15]], [70, [11, 2]], [80, [10, 16]], [100, [10, 7]], [125, [10, 7]], [150, [10, 7]]];
$scope.excellent.unlocks[6] = [[5, [12, 8]],  [10, [12, 10]], [20, [12, 12]], [25, [13, 2]], [40, [12, 14]], [60, [12, 16]], [70, [13, 2]], [80, [12, 17]], [100, [12, 8]], [125, [12, 8]]];
$scope.excellent.unlocks[7] = [[4, [14, 9]],  [10, [14, 11]], [20, [14, 13]], [25, [15, 2]], [40, [14, 15]], [60, [14, 17]], [70, [15, 2]], [80, [14, 18]], [100, [14, 9]], [120, [14, 9]]];
$scope.excellent.unlocks[8] = [[3, [16, 10]], [10, [16, 12]], [20, [16, 14]], [25, [17, 2]], [40, [16, 16]], [60, [16, 18]], [70, [17, 2]], [80, [16, 19]], [100, [16, 10]]];
$scope.excellent.unlocks[9] = [[6, [0, 50]], [12, [2, 50]], [18, [4, 50]], [24, [6, 50]], [30, [8, 50]], [36, [10, 50]], [42, [12, 50]], [48, [14, 50]], [54, [16, 50]], [60, [19, 2]], [75, [18, 50]], [100, [18, 50]]];
$scope.excellent.cashUpgrades = [[25000, [18, 10.21], false], [270000, [18, 20.15], false], [280000000, [18, 10.26], false], [280000000000, [18, 19.85], false], [290000000000000, [18, 10.21], false],
                                 [300000000000000000, [18, 20.15], false], [3.15E+20, [18, 10.26], false], [3.25E+22, [18, 19.85], false], [3.4E+24, [18, 10.21], false], [3.5E+27, [18, 20.15], false],
                                 [3.6E+30, [18, 10.26], false], [3.7E+33, [18, 19.85], false], [3.7E+36, [18, 10.21], false], [3.8E+39, [18, 20.15], false], [3.9E+42, [18, 10.26], false],
                                 [4.05E+45, [18, 19.85], false], [4.15E+48, [18, 10.21], false], [4.25E+51, [18, 20.15], false], [4.35E+54, [18, 10.26], false], [4.5E+57, [18, 19.85], false],
                                 [4.6E+60, [18, 10.21], false]
                          ];
$scope.excellent.angelUpgrades = [[250000000, [20, 1], false, false], [270000000000000, [20, 2], false, false], [29000000000000000000, [20, 3], false, false], [3E+24, [20, 4], false, false], [3.3E+28, [20, 5], false, false]
                           ];
$scope.excellent.managerUpgrades = [];
