  $scope.liverich.angelScale = 3;
    $scope.liverich.baseCost = [0.1, 11111, 1111111111, 11111111111111, 111111111111111111, 11111111111111111111111, 1111111111111111111111111111, 111111111111111111111111111111111, 1111111111111111111111111111111111111111];
    $scope.liverich.basePower = [1.03, 1.05, 1.07, 1.09, 1.12, 1.15, 1.18, 1.21, 1.25];
    $scope.liverich.baseProfit = [0.1, 1111, 111111111, 111111111111, 1111111111111111, 111111111111111111, 111111111111111111111, 11111111111111111111111, 111111111111111111111111111];
    $scope.liverich.baseSpeed = [2, 10, 15, 25, 30, 60, 75, 120, 300];
    $scope.liverich.hasMegaTickets = false;
    $scope.liverich.investments = [
      ['XO Skeletons', 1, false, 0, 0, 0, 0],
      ['Cleaning Droids', 0, false, 0, 0, 0, 0],
      ['Spicy Sand Worms', 0, false, 0, 0, 0, 0],
      ['Red Shirts', 0, false, 0, 0, 0, 0],
      ['Barf Buckets', 0, false, 0, 0, 0, 0],
      ['Space Gates', 0, false, 0, 0, 0, 0],
      ['Calling Cards', 0, false, 0, 0, 0, 0],
      ['Bug Spray', 0, false, 0, 0, 0, 0],
      ['Space Buddies', 0, false, 0, 0, 0, 0]
    ];
    $scope.liverich.unlocks[0] = [[25, [1, 2]], [75, [1, 2]], [150, [1, 2]], [300, [1, 2]], [450, [1, 2]], [600, [1, 2]], [900, [0, 5]], [1300, [0, 5]], [1800, [0, 5]], [2400, [0, 5]], [3100, [0, 5]], [4000, [0, 5]]];
    $scope.liverich.unlocks[1] = [[1, [2, 2]], [25, [3, 2]], [75, [3, 2]], [150, [3, 2]], [300, [3, 2]], [450, [3, 2]], [600, [3, 2]], [900, [3, 2]], [1300, [2, 5]], [1800, [2, 5]], [2400, [2, 5]]];
    $scope.liverich.unlocks[2] = [[1, [4, 5]], [25, [5, 2]], [75, [5, 2]], [150, [5, 2]], [300, [5, 2]], [450, [5, 2]], [600, [5, 2]], [900, [5, 2]], [1300, [4, 5]]];
    $scope.liverich.unlocks[3] = [[1, [6, 5]], [25, [7, 2]], [75, [7, 2]], [150, [7, 2]], [300, [7, 2]], [450, [7, 2]], [600, [7, 2]], [900, [7, 2]]];
    $scope.liverich.unlocks[4] = [[1, [8, 5]], [25, [9, 2]], [75, [9, 2]], [150, [9, 2]], [300, [9, 2]], [450, [9, 2]], [600, [9, 2]], [900, [9, 2]]];
    $scope.liverich.unlocks[5] = [[1, [10, 5]], [25, [11, 2]], [75, [11, 2]], [150, [11, 2]], [300, [11, 2]], [450, [11, 2]], [600, [11, 2]]];
    $scope.liverich.unlocks[6] = [[1, [12, 5]], [25, [13, 2]], [75, [13, 2]], [150, [13, 2]], [300, [13, 2]], [450, [13, 2]]];
    $scope.liverich.unlocks[7] = [[1, [14, 5]], [25, [15, 2]], [75, [15, 2]], [150, [15, 2]], [300, [15, 2]]];
    $scope.liverich.unlocks[8] = [[1, [16, 5]], [25, [17, 2]], [75, [17, 2]], [150, [17, 2]], [150, [16, 5]]];
    $scope.liverich.unlocks[9] = [];
    $scope.liverich.cashUpgrades = [[1111, [0, 10], false], [1111111, [0, 10], false], [11111111, [2, 10], false], [111111111, [0, 10], false], [1.111e+9, [2, 10], false], [11.111e+9, [4, 10], false], [111.111e+9, [0, 10], false], [1.111e+12, [2, 10], false], [11.111e+12, [4, 10], false], [111.111e+12, [18, 7], false], [1.111e+15, [6, 10], false], [11.111e+15, [0, 10], false], [111.111e+15, [2, 10], false], [1.111e+18, [4, 10], false], [11.111e+18, [6, 10], false], [111.111e+18, [8, 10], false], [1.111e+21, [0, 10], false], [11.111e+21, [2, 10], false], [111.111e+21, [4, 10], false], [1.111e+24, [6, 10], false], [11.111e+24, [8, 10], false], [111.111e+24, [10, 10], false], [1.111e+27, [0, 10], false], [11.111e+27, [2, 10], false], [111.111e+27, [4, 10], false], [1.111e+30, [6, 10], false], [11.111e+30, [8, 10], false], [111.111e+30, [10, 10], false], [1.111e+33, [18, 7], false], [11.111e+33, [12, 10], false], [111.111e+33, [0, 10], false], [1.111e+36, [2, 10], false], [11.111e+36, [4, 10], false], [111.111e+36, [6, 10], false], [1.111e+39, [8, 10], false], [11.111e+39, [10, 10], false], [111.111e+39, [12, 10], false], [1.111e+42, [18, 7], false], [11.111e+42, [14, 10], false], [111.111e+42, [0, 10], false], [1.111e+45, [2, 10], false], [11.111e+45, [4, 10], false], [111.111e+45, [6, 10], false], [1.111e+48, [8, 10], false], [11.111e+48, [10, 10], false], [111.111e+48, [12, 10], false], [1.111e+51, [14, 10], false], [11.111e+51, [16, 10], false], [111.111e+51, [18, 111], false]];
    $scope.liverich.angelUpgrades = [[111111, [18, 2], false, false], [1e+9, [18, 2], false, false], [11e+12, [18, 2], false, false], [111e+15, [18, 2], false, false], [1e+21, [18, 2], false, false]];
    $scope.liverich.managerUpgrades = [];