$scope.love.angelScale = 45;
$scope.love.baseCost = [2, 5, 10, 24, 50, 84, 126, 198, 272];
$scope.love.basePower = [1.03, 1.07, 1.15, 1.35, 1.75, 2.2, 2.7, 3.2, 4];
$scope.love.baseProfit = [1, 3, 6, 10, 15, 21, 28, 36, 45];
$scope.love.baseSpeed = [2, 4, 6, 8, 10, 12, 14, 16, 18];
$scope.love.investments = [
  ['Choc Boxes', 1, false, 0, 0, 0, 0],
  ['Valentines', 0, false, 0, 0, 0, 0],
  ['The Notebooks', 0, false, 0, 0, 0, 0],
  ['Pricy Spicy Sauce', 0, false, 0, 0, 0, 0],
  ['Any Other Names', 0, false, 0, 0, 0, 0],
  ['Bling', 0, false, 0, 0, 0, 0],
  ['Feel Meals', 0, false, 0, 0, 0, 0],
  ['Bitter Sweets', 0, false, 0, 0, 0, 0],
  ['Unicoach Rides', 0, false, 0, 0, 0, 0]
];
$scope.love.unlocks[0] = [[250, [18, 3.33]],[1111, [18, 5.55]],[2222, [18, 7.77]]];
$scope.love.unlocks[1] = [[200, [18, 3.33]],[600, [18, 5.55]],[1200, [18, 7.77]]];
$scope.love.unlocks[2] = [[200, [18, 3.33]],[400, [18, 5.55]],[650, [18, 7.77]]];
$scope.love.unlocks[3] = [[25, [18, 3.33]],[100, [18, 5.55]],[200, [18, 7.77]]];
$scope.love.unlocks[4] = [[22, [18, 3.33]],[77, [18, 5.55]],[135, [18, 7.77]]];
$scope.love.unlocks[5] = [[22, [18, 3.33]],[77, [18, 5.55]],[111, [18, 7.77]]];
$scope.love.unlocks[6] = [[10, [18, 3.33]],[30, [18, 5.55]],[65, [18, 7.77]]];
$scope.love.unlocks[7] = [[10, [18, 3.33]],[30, [18, 5.55]],[70, [18, 7.77]]];
$scope.love.unlocks[8] = [[15, [18, 3.33]],[40, [18, 5.55]],[65, [18, 7.77]]];
$scope.love.unlocks[9] = [[5, [1, 5]],[10, [3, 5]],[14, [18, 2]],[15, [5, 5]],[20, [7, 8]],[25, [9, 8]],[30, [11, 5]],[35, [13, 5]],[40, [15, 5]],[45, [17, 5]],[50, [1, 5]],[55, [3, 5]],[60, [5, 5]],[65, [7, 5]],[70, [9, 5]],[75, [11, 5]],[80, [13, 5]],[85, [15, 5]],[90, [17, 5]]];
$scope.love.cashUpgrades = [[12345, [0, 2], false],[67890, [2, 2], false],[123456, [4, 2], false],[789012, [6, 2], false],[1234567, [8, 2], false],[8901234, [10, 2], false],[12345678, [12, 2], false],[90123456, [14, 2], false],[123456789, [16, 2], false],[1.234e+9, [18, 3], false],[24.681e+9, [0, 5], false],[369.121e+9, [2, 5], false],[4.812e+12, [4, 5], false],[51.015e+12, [6, 5], false],[612.182e+12, [8, 5], false],[7.142e+15, [10, 5], false],[81.624e+15, [12, 5], false],[918.273e+15, [14, 5], false],[1.02e+18, [16, 5], false],[11.223e+18, [18, 7], false],[111.111e+18, [0, 9], false],[2.222e+21, [2, 9], false],[33.333e+21, [4, 9], false],[444.444e+21, [6, 9], false],[5.555e+24, [8, 9], false],[66.666e+24, [10, 9], false],[777.777e+24, [12, 9], false],[8.888e+27, [14, 9], false],[100e+27, [16, 9], false],[101.01e+27, [18, 11], false],[3.141e+30, [0, 13], false],[50.288e+30, [2, 13], false],[230.781e+30, [4, 13], false],[7.067e+33, [6, 13], false],[55.058e+33, [8, 13], false],[270.19e+33, [10, 13], false],[4.428e+36, [12, 13], false],[16.527e+36, [14, 13], false],[664.821e+36, [16, 13], false],[5.588e+39, [18, 15], false]];
$scope.love.angelUpgrades = [[1111, [18, 3], false, false],[222222, [18, 4], false, false],[33000000, [18, 4], false, false],[22e+9, [18, 4], false, false],[55e+12, [18, 4], false, false],[77e+15, [18, 4], false, false]];
$scope.love.managerUpgrades = [];