$scope.friday.angelScale = 150; // idk if this is right
$scope.friday.baseCost = [17.5, 40, 67.5, 100, 137.5, 360, 700, 1120, 2250];
$scope.friday.basePower = [1.75, 2, 2.25, 2.5, 2.75, 3, 3.5, 4, 4.5];
$scope.friday.baseProfit = [1, 3, 5, 7, 21, 60, 145, 270, 525];
$scope.friday.baseSpeed = [5, 8, 11, 14, 17, 20, 35, 45, 60];
$scope.friday.investments = [
  ['Door Crashers', 1, false, 0, 0, 0, 0],
  ['Power Tools', 1, false, 0, 0, 0, 0],
  ['Waffle Irons', 1, false, 0, 0, 0, 0],
  ['Blu-Ray Players', 1, false, 0, 0, 0, 0],
  ['Coupon Clippers', 1, false, 0, 0, 0, 0],
  ['Microwaves', 1, false, 0, 0, 0, 0],
  ['Kitchen Gadgets', 1, false, 0, 0, 0, 0],
  ['Trample-ines', 1, false, 0, 0, 0, 0],
  ['Sucky Vacuums', 1, false, 0, 0, 0, 0]
];
$scope.friday.unlocks[0] = [[5, [0, 3]], [10, [0, 5]], [20, [0, 7]], [25, [1, 2]], [40, [0, 9]], [60, [0, 11]], [70, [1, 2]], [80, [0, 12]], [100, [0, 3]], [125, [0, 3]], [150, [0, 3]], [175, [0, 3]], [200, [0, 3]], [250, [0, 3]], [300, [0, 3]]];
$scope.friday.unlocks[1] = [[5, [2, 4]], [10, [2, 6]], [20, [2, 8]], [25, [3, 2]], [40, [2, 10]], [60, [2, 12]], [70, [3, 2]], [80, [2, 13]], [100, [2, 4]], [125, [2, 4]], [150, [2, 4]], [175, [2, 4]], [200, [2, 4]], [250, [2, 4]]];
$scope.friday.unlocks[2] = [[5, [4, 5]], [10, [4, 7]], [20, [4, 9]], [25, [5, 2]], [40, [4, 11]], [60, [4, 13]], [70, [5, 2]], [80, [4, 14]], [100, [4, 5]], [125, [4, 5]], [150, [4, 5]], [175, [4, 5]], [200, [4, 5]]];
$scope.friday.unlocks[3] = [[5, [6, 6]], [10, [6, 8]], [20, [6, 10]], [25, [7, 2]], [40, [6, 12]], [60, [6, 14]], [70, [7, 2]], [80, [6, 15]], [100, [6, 6]], [125, [6, 6]], [150, [6, 6]], [175, [6, 6]]];
$scope.friday.unlocks[4] = [[5, [8, 7]], [10, [8, 9]], [20, [8, 11]], [25, [9, 2]], [40, [8, 13]], [60, [8, 15]], [70, [9, 2]], [80, [8, 16]], [100, [8, 7]], [125, [8, 7]], [150, [8, 7]], [175, [8, 7]]];
$scope.friday.unlocks[5] = [[5, [10, 8]], [10, [10, 10]], [20, [10, 12]], [25, [11, 2]], [40, [10, 14]], [60, [10, 16]], [70, [11, 2]], [80, [10, 17]], [100, [10, 8]], [125, [10, 8]], [150, [10, 8]]];
$scope.friday.unlocks[6] = [[5, [12, 9]], [10, [12, 11]], [20, [12, 13]], [25, [13, 2]], [40, [12, 15]], [60, [12, 17]], [70, [13, 2]], [80, [12, 18]], [100, [12, 9]], [125, [12, 9]]];
$scope.friday.unlocks[7] = [[5, [14, 10]], [10, [14, 12]], [20, [14, 14]], [25, [15, 2]], [40, [14, 16]], [60, [14, 18]], [70, [15, 2]], [80, [14, 19]], [100, [14, 10]], [125, [14, 10]]];
$scope.friday.unlocks[8] = [[5, [16, 11]], [10, [16, 13]], [20, [16, 15]], [25, [17, 2]], [40, [16, 17]], [60, [16, 19]], [70, [17, 2]], [80, [16, 20]], [100, [16, 11]]];
$scope.friday.unlocks[9] = [[6, [0, 50]], [12, [2, 50]], [18, [4, 50]], [24, [6, 50]], [30, [8, 50]], [36, [10, 50]], [42, [12, 50]], [48, [14, 50]], [54, [16, 50]], [60, [19, 2]], [75, [18, 50]], [100, [18, 50]]];
$scope.friday.cashUpgrades = [[100000, [18, 4], false], [10000000, [18, 5], false], [1e+9, [18, 6], false], [100e+9, [18, 7], false], [10e+12, [18, 8], false], [1e+15, [18, 9], false], [100e+15, [18, 10], false], [1e+18, [18, 11], false], [1e+21, [18, 12], false], [1e+24, [18, 13], false], [1e+27, [18, 14], false], [1e+30, [18, 15], false], [1e+33, [18, 16], false], [1e+36, [18, 17], false], [1e+39, [18, 18], false], [1e+42, [18, 19], false], [10e+45, [18, 20], false], [100e+48, [18, 21], false], [1e+54, [18, 22], false], [100e+57, [18, 23], false], [100e+63, [18, 24], false]];
$scope.friday.angelUpgrades = [[10e+6, [20, 2], false, false], [10e+12, [20, 3], false, false], [10e+18, [20, 4], false, false], [100e+24, [20, 5], false, false], [1e+33, [20, 16], false, false]];
$scope.friday.managerUpgrades = [];
