$scope.coins.angelScale = 3; // ?
$scope.coins.baseCost = [2.5, 5, 7.5, 10, 12.5, 30, 50, 70, 125];
$scope.coins.basePower = [1.75, 2, 2.25, 2.5, 2.75, 3, 3.5, 4, 4.5];
$scope.coins.baseProfit = [0.25, 0.75, 1.25, 1.75, 5.25, 15, 36.25, 67.50, 131.25];
$scope.coins.baseSpeed = [5, 8, 11, 14, 17, 20, 35, 45, 60];
$scope.coins.hasMegaTickets = false;
$scope.coins.investments = [
  ['Explosive Dude', 1, false, 0, 0, 0, 0],
  ['Silver Blade', 1, false, 0, 0, 0, 0],
  ['Primate Paradise', 1, false, 0, 0, 0, 0],
  ['Flemmings', 1, false, 0, 0, 0, 0],
  ['Fightingfrogs', 1, false, 0, 0, 0, 0],
  ['Crow & Jack', 1, false, 0, 0, 0, 0],
  ['Street Skid 2', 1, false, 0, 0, 0, 0],
  ['Rad Cap', 1, false, 0, 0, 0, 0],
  ['Space Worm Ted', 1, false, 0, 0, 0, 0]
];
$scope.coins.unlocks[0] = [[5, [0, 2]],   [10, [0, 4]],   [20, [0, 6]],   [25, [1, 2]],  [40, [0, 8]],   [60, [0, 10]],  [70, [1, 2]],  [80, [0, 11]],  [100, [0, 2]],  [125, [0, 2]],  [150, [0, 2]], [175, [0, 2]], [200, [0, 2]], [250, [0, 2]], [300, [0, 2]]];
$scope.coins.unlocks[1] = [[5, [2, 3]],   [10, [2, 5]],   [20, [2, 7]],   [25, [3, 2]],  [40, [2, 9]],   [60, [2, 11]],  [70, [3, 2]],  [80, [2, 12]],  [100, [2, 3]],  [125, [2, 3]],  [150, [2, 3]], [175, [2, 3]], [200, [2, 3]], [245, [2, 3]]];
$scope.coins.unlocks[2] = [[5, [4, 4]],   [10, [4, 6]],   [20, [4, 8]],   [25, [5, 2]],  [40, [4, 10]],  [60, [4, 12]],  [70, [5, 2]],  [80, [4, 13]],  [100, [4, 4]],  [125, [4, 4]],  [150, [4, 4]], [175, [4, 4]], [200, [4, 4]]];
$scope.coins.unlocks[3] = [[5, [6, 5]],   [10, [6, 7]],   [20, [6, 9]],   [25, [7, 2]],  [40, [6, 11]],  [60, [6, 13]],  [70, [7, 2]],  [80, [6, 14]],  [100, [6, 5]],  [125, [6, 5]],  [150, [6, 5]], [175, [6, 5]]];
$scope.coins.unlocks[4] = [[5, [8, 6]],   [10, [8, 8]],   [20, [8, 10]],  [25, [9, 2]],  [40, [8, 12]],  [60, [8, 14]],  [70, [9, 2]],  [80, [8, 15]],  [100, [8, 6]],  [125, [8, 6]],  [150, [8, 6]], [170, [8, 6]]];
$scope.coins.unlocks[5] = [[5, [10, 7]],  [10, [10, 9]],  [20, [10, 11]], [25, [11, 2]], [40, [10, 13]], [60, [10, 15]], [70, [11, 2]], [80, [10, 16]], [100, [10, 7]], [125, [10, 7]], [150, [10, 7]]];
$scope.coins.unlocks[6] = [[5, [12, 8]],  [10, [12, 10]], [20, [12, 12]], [25, [13, 2]], [40, [12, 14]], [60, [12, 16]], [70, [13, 2]], [80, [12, 17]], [100, [12, 8]], [125, [12, 8]]];
$scope.coins.unlocks[7] = [[5, [14, 9]],  [10, [14, 11]], [20, [14, 13]], [25, [15, 2]], [40, [14, 15]], [60, [14, 17]], [70, [15, 2]], [80, [14, 18]], [100, [14, 9]], [120, [14, 9]]];
$scope.coins.unlocks[8] = [[5, [16, 10]], [10, [16, 12]], [20, [16, 14]], [25, [17, 2]], [40, [16, 16]], [60, [16, 18]], [70, [17, 2]], [80, [16, 19]], [100, [16, 10]]];
$scope.coins.unlocks[9] = [[6, [0, 50]], [12, [2, 50]], [18, [4, 50]], [24, [6, 50]], [30, [8, 50]], [36, [10, 50]], [42, [12, 50]], [48, [14, 50]], [54, [16, 50]], [60, [19, 2]], [75, [18, 50]], [100, [18, 50]]];
$scope.coins.cashUpgrades = [[25700, [18, 13.37], false], [268000, [18, 13.37], false], [279e+6, [18, 13.37], false], [281e+9, [18, 13.37], false], [292e+12, [18, 13.37], false], [303e+15, [18, 13.37], false], [314e+18, [18, 13.37], false], [325e+20, [18, 13.37], false], [336e+22, [18, 13.37], false], [347e+25, [18, 13.37], false], [358e+28, [18, 13.37], false], [369e+31, [18, 13.37], false], [371e+34, [18, 13.37], false], [382e+37, [18, 13.37], false], [393e+40, [18, 13.37], false], [404e+43, [18, 13.37], false], [415e+46, [18, 13.37], false], [426e+49, [18, 13.37], false], [437e+52, [18, 13.37], false], [448e+55, [18, 13.37], false], [459e+58, [18, 13.37], false]];
$scope.coins.angelUpgrades = [[25e+7, [20, 1], false, false], [27e+13, [20, 2], false, false], [29e+18, [20, 3], false, false], [3e+24, [20, 4], false, false], [33e+27, [20, 5], false, false]];
$scope.coins.managerUpgrades = [];
