event uses different angel acquisition formula
1st is at 178 billion, 2nd at 1.1 trillion, 3rd at 3.6 trillion
not exact

$scope.newYou.angelScale = 45;
$scope.newYou.baseCost = [174, 1080, 7680, 48000, 276480, 9.72, 48, 315, 792, 2310];
$scope.newYou.basePower = [1.45, 1.7, 1.95, 2.9, 5.9, 1.08, 1.13, 1.17, 1.21, 1.25];
$scope.newYou.baseProfit = [600, 3600, 19200, 96000, 460800, 3, 12, 63, 132, 330];
$scope.newYou.baseSpeed = [30, 45, 60, 75, 90, 3, 6, 9, 12, 15];
$scope.newYou.investments = [
  ['Shred-mill', 1, false, 0, 0, 0, 0],
  ['Pro-Team Shakes', 0, false, 0, 0, 0, 0],
  ['Tae Kwon Do-Flex', 0, false, 0, 0, 0, 0],
  ['Dum Dum-Bells', 0, false, 0, 0, 0, 0],
  ['Veggies', 0, false, 0, 0, 0, 0],
  ['Com-Fy Boys', 1, false, 0, 0, 0, 0],
  ['Soda-licious', 0, false, 0, 0, 0, 0],
  ['Vid-Yah Games', 0, false, 0, 0, 0, 0],
  ['Macro Chips', 0, false, 0, 0, 0, 0],
  ['Mystery Meat', 0, false, 0, 0, 0, 0]
];
$scope.newYou.unlocks[0] = [[25, [0, 25]],[50, [0, 27]],[70, [0, 29]],[100, [0, 31]],[125, [0, 33]],[150, [0, 35]],[175, [0, 37]],[200, [0, 39]],[225, [0, 41]],[250, [0, 43]]];
$scope.newYou.unlocks[1] = [[20, [2, 25]],[40, [2, 27]],[60, [2, 29]],[80, [2, 31]],[100, [2, 33]],[120, [2, 35]],[140, [2, 37]],[160, [2, 39]],[180, [2, 41]],[200, [2, 43]]];
$scope.newYou.unlocks[2] = [[15, [4, 25]],[30, [4, 27]],[45, [4, 29]],[60, [4, 31]],[75, [4, 33]],[90, [4, 35]],[105, [4, 37]],[120, [4, 39]],[135, [4, 41]],[150, [4, 43]]];
$scope.newYou.unlocks[3] = [[10, [6, 25]],[20, [6, 27]],[30, [6, 29]],[40, [6, 31]],[50, [6, 33]],[60, [6, 35]],[70, [6, 37]],[80, [6, 39]],[90, [6, 41]],[100, [6, 43]]];
$scope.newYou.unlocks[4] = [[5, [21, 2]],[10, [21, 2]],[15, [21, 2]],[20, [21, 2]],[25, [21, 2]],[30, [21, 2]],[35, [21, 2]],[40, [21, 2]],[45, [21, 2]],[50, [21, 2]],[55, [21, 2]]];
$scope.newYou.unlocks[5] = [[25, [11, 2]],[50, [1, 0.8]],[75, [10, 20]],[100, [1, 0.8]],[150, [11, 2]],[200, [1, 0.8]],[250, [10, 20]],[300, [1, 0.8]],[350, [11, 2]],[400, [1, 0.8]],[450, [10, 20]],[500, [1, 0.8]],[550, [11, 2]],[600, [1, 0.8]],[650, [10, 20]],[700, [1, 0.5]],[800, [11, 2]],[900, [1, 0.5]],[1000, [10, 20]],[1100, [1, 0.5]],[1200, [11, 2]],[1300, [1, 0.5]],[1400, [10, 20]],[1500, [1, 0.5]],[1600, [11, 2]],[1700, [1, 0.5]],[1800, [10, 20]],[1900, [1, 0.5]],[2000, [10, 333]]];
$scope.newYou.unlocks[6] = [[25, [13, 2]],[100, [3, 0.8]],[175, [12, 25]],[250, [3, 0.8]],[300, [13, 2]],[400, [3, 0.8]],[475, [12, 25]],[550, [3, 0.8]],[625, [13, 2]],[700, [3, 0.5]],[775, [12, 25]],[850, [3, 0.5]],[925, [13, 2]],[1000, [3, 0.5]],[1075, [12, 25]],[1150, [3, 0.5]],[1250, [12, 444]]];
$scope.newYou.unlocks[7] = [[25, [15, 2]],[75, [5, 0.8]],[125, [14, 30]],[200, [5, 0.8]],[250, [15, 2]],[300, [5, 0.8]],[350, [14, 30]],[400, [5, 0.8]],[450, [15, 2]],[500, [5, 0.8]],[550, [14, 30]],[600, [5, 0.5]],[650, [15, 2]],[700, [5, 0.5]],[750, [14, 30]],[800, [5, 0.5]],[850, [15, 2]],[900, [5, 0.5]],[1000, [14, 555]]];
$scope.newYou.unlocks[8] = [[25, [17, 2]],[75, [7, 0.8]],[135, [16, 35]],[200, [7, 0.8]],[250, [17, 2]],[300, [7, 0.8]],[350, [16, 35]],[400, [7, 0.8]],[450, [17, 2]],[500, [7, 0.5]],[550, [16, 35]],[600, [7, 0.5]],[650, [17, 2]],[700, [7, 0.5]],[750, [16, 666]]];
$scope.newYou.unlocks[9] = [[25, [18, 9]],[50, [9, 0.8]],[75, [19, 2]],[100, [9, 0.8]],[125, [18, 40]],[150, [9, 0.8]],[175, [19, 2]],[200, [9, 0.8]],[225, [18, 40]],[250, [9, 0.8]],[275, [19, 2]],[300, [9, 0.8]],[325, [18, 40]],[350, [9, 0.5]],[375, [19, 2]],[400, [9, 0.5]],[425, [18, 40]],[450, [9, 0.5]],[475, [19, 2]],[500, [9, 0.5]],[525, [18, 40]],[550, [9, 0.5]],[575, [19, 2]],[600, [9, 0.5]],[650, [18, 777]]];
$scope.newYou.unlocks[10] = [[7, [20, 3]],[15, [20, 2]]];
$scope.newYou.cashUpgrades = [[3e+6, [0, 7], false],[24e+6, [2, 7], false],[192e+6, [4, 7], false],[1.536e+9, [6, 7], false],[12.288e+9, [8, 7], false],[100e+9, [20, 15], false],[447.456e+9, [0, 7], false],[1.769e+12, [2, 7], false],[21.233e+12, [4, 7], false],[254.803e+12, [6, 7], false],[4.076e+15, [8, 7], false],[10e+15, [20, 15], false],[65.2e+15, [0, 7], false],[104e+15, [2, 7], false],[4.32e+18, [4, 7], false],[96.3e+18, [6, 7], false],[321e+18, [8, 7], false],[1e+21, [20, 10], false],[2.23e+21, [0, 7], false],[45.3e+21, [2, 7], false],[721e+21, [4, 7], false],[8.22e+24, [6, 7], false],[15.5e+24, [8, 7], false],[100e+24, [20, 10], false],[222e+24, [0, 7], false],[7.61e+27, [2, 7], false],[41.1e+27, [4, 7], false],[735e+27, [6, 7], false],[4.45e+30, [8, 7], false],[10e+30, [20, 10], false],[89.6e+30, [0, 7], false],[777e+30, [2, 7], false],[9.11e+33, [4, 7], false],[16.6e+33, [6, 7], false],[741e+33, [8, 7], false],[1e+36, [20, 10], false],[8.52e+36, [0, 7], false],[61.4e+36, [2, 7], false],[519e+36, [4, 7], false],[3.51e+39, [6, 7], false],[33.3e+39, [8, 7], false],[100e+39, [20, 10], false],[723e+39, [0, 7], false],[4.53e+42, [2, 7], false],[72.1e+42, [4, 7], false],[822e+42, [6, 7], false],[1.55e+45, [8, 7], false],[10e+45, [20, 10], false],[22.2e+45, [0, 7], false],[761e+45, [2, 7], false],[4.11e+48, [4, 7], false],[73.5e+48, [6, 7], false],[455e+48, [8, 7], false],[1e+51, [20, 10], false],[8.96e+51, [0, 7], false],[77.7e+51, [2, 7], false],[911e+51, [4, 7], false],[1.66e+54, [6, 7], false],[74.1e+54, [8, 7], false],[100e+54, [20, 10], false],[852e+54, [0, 7], false],[6.14e+57, [2, 7], false],[51.9e+57, [4, 7], false],[351e+57, [6, 7], false],[3.33e+60, [8, 7], false],[10e+60, [20, 10], false]];
$scope.newYou.angelUpgrades = [[1e+6, [30, 25], false, false],[2e+6, [31, 20], false, false],[3e+6, [32, 15], false, false],[4e+6, [33, 10], false, false],[5e+6, [34, 5], false, false],[6e+12, [30, 25], false, false],[7e+12, [31, 20], false, false],[8e+12, [32, 15], false, false],[9e+12, [33, 10], false, false],[10e+12, [34, 5], false, false],[11e+18, [30, 25], false, false],[12e+18, [31, 20], false, false],[13e+18, [32, 15], false, false],[140e+18, [33, 10], false, false],[150e+18, [34, 5], false, false],[77e+21, [20, 15], false, false]];
$scope.newYou.managerUpgrades = [];